	id	COUNTY	GEO_TTL	NAICS_Sector	NAICS2012_TTL	state	relevant_naics	GEO_ID	estab_agg	emp_agg	payann_agg	emp_api	payann_api	estab_api
0	45	999	Statewide	11	Agriculture, forestry, fishing and hunting	45	11	0500000US450010500000US450010500000US450030500000US450030500000US450050500000US450050500000US450070500000US450070500000US450090500000US450090500000US450110500000US450110500000US450130500000US450130500000US450150500000US450150500000US450170500000US450170500000US450190500000US450190500000US450210500000US450210500000US450230500000US450230500000US450250500000US450250500000US450270500000US450270500000US450290500000US450290500000US450310500000US450310500000US450330500000US450330500000US450350500000US450350500000US450370500000US450370500000US450390500000US450390500000US450410500000US450410500000US450430500000US450430500000US450450500000US450450500000US450470500000US450470500000US450490500000US450490500000US450510500000US450510500000US450530500000US450530500000US450550500000US450550500000US450570500000US450570500000US450590500000US450590500000US450610500000US450610500000US450630500000US450630500000US450650500000US450650500000US450670500000US450670500000US450690500000US450690500000US450710500000US450710500000US450730500000US450730500000US450750500000US450750500000US450770500000US450770500000US450790500000US450790500000US450810500000US450810500000US450830500000US450830500000US450850500000US450850500000US450870500000US450870500000US450890500000US450890500000US450910500000US45091	1003.5	6475.5	264647.75	3923.4	153053.2	504.8
1	45	999	Statewide	21	Mining, quarrying, and oil and gas extraction	45	21	0500000US450030500000US450030500000US450070500000US450070500000US450110500000US450130500000US450130500000US450150500000US450150500000US450190500000US450210500000US450210500000US450250500000US450250500000US450290500000US450330500000US450330500000US450350500000US450350500000US450370500000US450370500000US450390500000US450390500000US450410500000US450410500000US450430500000US450430500000US450450500000US450450500000US450470500000US450470500000US450510500000US450510500000US450530500000US450530500000US450550500000US450550500000US450570500000US450570500000US450590500000US450590500000US450630500000US450630500000US450670500000US450670500000US450690500000US450690500000US450750500000US450750500000US450770500000US450770500000US450790500000US450790500000US450810500000US450830500000US450830500000US450870500000US450870500000US450910500000US45091	155.83333333333334	1186.25	64030.25	1061.6	61063.4	79.8
2	45	999	Statewide	22	Utilities	45	22	0500000US450010500000US450010500000US450030500000US450030500000US450070500000US450070500000US450090500000US450090500000US450110500000US450110500000US450130500000US450130500000US450150500000US450150500000US450170500000US450170500000US450190500000US450190500000US450210500000US450210500000US450230500000US450230500000US450250500000US450250500000US450270500000US450270500000US450290500000US450290500000US450310500000US450310500000US450330500000US450330500000US450350500000US450350500000US450370500000US450370500000US450390500000US450390500000US450410500000US450410500000US450430500000US450430500000US450450500000US450450500000US450470500000US450470500000US450490500000US450490500000US450510500000US450510500000US450530500000US450530500000US450550500000US450550500000US450570500000US450570500000US450590500000US450590500000US450630500000US450630500000US450670500000US450670500000US450690500000US450690500000US450710500000US450710500000US450730500000US450730500000US450750500000US450750500000US450770500000US450770500000US450790500000US450790500000US450810500000US450810500000US450830500000US450830500000US450850500000US450850500000US450870500000US450870500000US450890500000US450890500000US450910500000US45091	683.25	3042.0	360552.25	11941.0	1042960.4	348.6
3	45	999	Statewide	23	Construction	45	23	0500000US450010500000US450010500000US450030500000US450030500000US450050500000US450050500000US450070500000US450070500000US450090500000US450090500000US450110500000US450110500000US450130500000US450130500000US450150500000US450150500000US450170500000US450170500000US450190500000US450190500000US450210500000US450210500000US450230500000US450230500000US450250500000US450250500000US450270500000US450270500000US450290500000US450290500000US450310500000US450310500000US450330500000US450330500000US450350500000US450350500000US450370500000US450370500000US450390500000US450390500000US450410500000US450410500000US450430500000US450430500000US450450500000US450450500000US450470500000US450470500000US450490500000US450490500000US450510500000US450510500000US450530500000US450530500000US450550500000US450550500000US450570500000US450570500000US450590500000US450590500000US450610500000US450610500000US450630500000US450630500000US450650500000US450650500000US450670500000US450670500000US450690500000US450690500000US450710500000US450710500000US450730500000US450730500000US450750500000US450750500000US450770500000US450770500000US450790500000US450790500000US450810500000US450810500000US450830500000US450830500000US450850500000US450850500000US450870500000US450870500000US450890500000US450890500000US450910500000US45091	17684.25	139441.25	5968787.25	72500.8	3225839.2	8953.0
4	45	999	Statewide	42	Wholesale trade	45	42	0500000US450010500000US450010500000US450030500000US450030500000US450050500000US450050500000US450070500000US450070500000US450090500000US450090500000US450110500000US450110500000US450130500000US450130500000US450150500000US450150500000US450170500000US450170500000US450190500000US450190500000US450210500000US450210500000US450230500000US450230500000US450250500000US450250500000US450270500000US450270500000US450290500000US450290500000US450310500000US450310500000US450330500000US450330500000US450350500000US450350500000US450370500000US450370500000US450390500000US450390500000US450410500000US450410500000US450430500000US450430500000US450450500000US450450500000US450470500000US450470500000US450490500000US450490500000US450510500000US450510500000US450530500000US450530500000US450550500000US450550500000US450570500000US450570500000US450590500000US450590500000US450610500000US450610500000US450630500000US450630500000US450650500000US450650500000US450670500000US450670500000US450690500000US450690500000US450710500000US450710500000US450730500000US450730500000US450750500000US450750500000US450770500000US450770500000US450790500000US450790500000US450810500000US450810500000US450830500000US450830500000US450850500000US450850500000US450870500000US450870500000US450890500000US450890500000US450910500000US45091	9788.75	127507.25	6856731.5	69224.4	3801291.8	4969.8
5	45	999	Statewide	51	Information	45	51	0500000US450010500000US450010500000US450030500000US450030500000US450050500000US450050500000US450070500000US450070500000US450090500000US450090500000US450110500000US450110500000US450130500000US450130500000US450150500000US450150500000US450170500000US450170500000US450190500000US450190500000US450210500000US450210500000US450230500000US450230500000US450250500000US450250500000US450270500000US450270500000US450290500000US450290500000US450310500000US450310500000US450330500000US450330500000US450350500000US450350500000US450370500000US450370500000US450390500000US450390500000US450410500000US450410500000US450430500000US450430500000US450450500000US450450500000US450470500000US450470500000US450490500000US450490500000US450510500000US450510500000US450530500000US450530500000US450550500000US450550500000US450570500000US450570500000US450590500000US450590500000US450630500000US450630500000US450650500000US450670500000US450670500000US450690500000US450690500000US450710500000US450710500000US450730500000US450730500000US450750500000US450750500000US450770500000US450770500000US450790500000US450790500000US450810500000US450810500000US450830500000US450830500000US450850500000US450850500000US450870500000US450870500000US450890500000US450890500000US450910500000US45091	2716.25	53174.25	2888261.25	34315.0	1940987.8	1389.0
6	45	999	Statewide	52	Finance and insurance	45	52	0500000US450010500000US450010500000US450030500000US450030500000US450050500000US450050500000US450070500000US450070500000US450090500000US450090500000US450110500000US450110500000US450130500000US450130500000US450150500000US450150500000US450170500000US450170500000US450190500000US450190500000US450210500000US450210500000US450230500000US450230500000US450250500000US450250500000US450270500000US450270500000US450290500000US450290500000US450310500000US450310500000US450330500000US450330500000US450350500000US450350500000US450370500000US450370500000US450390500000US450390500000US450410500000US450410500000US450430500000US450430500000US450450500000US450450500000US450470500000US450470500000US450490500000US450490500000US450510500000US450510500000US450530500000US450530500000US450550500000US450550500000US450570500000US450570500000US450590500000US450590500000US450610500000US450610500000US450630500000US450630500000US450650500000US450650500000US450670500000US450670500000US450690500000US450690500000US450710500000US450710500000US450730500000US450730500000US450750500000US450750500000US450770500000US450770500000US450790500000US450790500000US450810500000US450810500000US450830500000US450830500000US450850500000US450850500000US450870500000US450870500000US450890500000US450890500000US450910500000US45091	14219.0	128601.25	7183256.5	67544.8	3941599.6	7201.2
7	45	999	Statewide	53	Real estate and rental and leasing	45	53	0500000US450010500000US450010500000US450030500000US450030500000US450050500000US450050500000US450070500000US450070500000US450090500000US450090500000US450110500000US450110500000US450130500000US450130500000US450150500000US450150500000US450170500000US450170500000US450190500000US450190500000US450210500000US450210500000US450230500000US450230500000US450250500000US450250500000US450270500000US450270500000US450290500000US450290500000US450310500000US450310500000US450330500000US450330500000US450350500000US450350500000US450370500000US450370500000US450390500000US450390500000US450410500000US450410500000US450430500000US450430500000US450450500000US450450500000US450470500000US450470500000US450490500000US450490500000US450510500000US450510500000US450530500000US450530500000US450550500000US450550500000US450570500000US450570500000US450590500000US450590500000US450610500000US450610500000US450630500000US450630500000US450650500000US450650500000US450670500000US450670500000US450690500000US450690500000US450710500000US450710500000US450730500000US450730500000US450750500000US450750500000US450770500000US450770500000US450790500000US450790500000US450810500000US450810500000US450830500000US450830500000US450850500000US450850500000US450870500000US450870500000US450890500000US450890500000US450910500000US45091	9739.75	47246.0	1823390.75	24420.0	955563.4	4996.0
8	45	999	Statewide	54	Professional, scientific, and technical services	45	54	0500000US450010500000US450010500000US450030500000US450030500000US450050500000US450050500000US450070500000US450070500000US450090500000US450090500000US450110500000US450110500000US450130500000US450130500000US450150500000US450150500000US450170500000US450170500000US450190500000US450190500000US450210500000US450210500000US450230500000US450230500000US450250500000US450250500000US450270500000US450270500000US450290500000US450290500000US450310500000US450310500000US450330500000US450330500000US450350500000US450350500000US450370500000US450370500000US450390500000US450390500000US450410500000US450410500000US450430500000US450430500000US450450500000US450450500000US450470500000US450470500000US450490500000US450490500000US450510500000US450510500000US450530500000US450530500000US450550500000US450550500000US450570500000US450570500000US450590500000US450590500000US450610500000US450610500000US450630500000US450630500000US450650500000US450650500000US450670500000US450670500000US450690500000US450690500000US450710500000US450710500000US450730500000US450730500000US450750500000US450750500000US450770500000US450770500000US450790500000US450790500000US450810500000US450810500000US450830500000US450830500000US450850500000US450850500000US450870500000US450870500000US450890500000US450890500000US450910500000US45091	19763.25	148480.75	8752519.75	83363.0	5252389.4	10063.8
9	45	999	Statewide	55	Management of companies and enterprises	45	55	0500000US450010500000US450010500000US450030500000US450030500000US450070500000US450070500000US450090500000US450090500000US450110500000US450110500000US450130500000US450130500000US450150500000US450150500000US450190500000US450190500000US450210500000US450210500000US450230500000US450230500000US450250500000US450250500000US450310500000US450310500000US450330500000US450330500000US450350500000US450350500000US450370500000US450370500000US450390500000US450390500000US450410500000US450410500000US450430500000US450430500000US450450500000US450450500000US450470500000US450470500000US450490500000US450490500000US450510500000US450510500000US450530500000US450550500000US450550500000US450570500000US450570500000US450590500000US450590500000US450610500000US450630500000US450630500000US450670500000US450670500000US450710500000US450710500000US450730500000US450730500000US450750500000US450750500000US450770500000US450770500000US450790500000US450790500000US450830500000US450830500000US450850500000US450850500000US450870500000US450870500000US450890500000US450890500000US450910500000US45091	1234.25	42766.25	3689436.75	24988.2	2010762.6	638.2
10	45	999	Statewide	56	Administrative and support and waste management and remediation services	45	56	0500000US450010500000US450010500000US450030500000US450030500000US450050500000US450050500000US450070500000US450070500000US450090500000US450090500000US450110500000US450110500000US450130500000US450130500000US450150500000US450150500000US450170500000US450170500000US450190500000US450190500000US450210500000US450210500000US450230500000US450230500000US450250500000US450250500000US450270500000US450270500000US450290500000US450290500000US450310500000US450310500000US450330500000US450330500000US450350500000US450350500000US450370500000US450370500000US450390500000US450390500000US450410500000US450410500000US450430500000US450430500000US450450500000US450450500000US450470500000US450470500000US450490500000US450490500000US450510500000US450510500000US450530500000US450530500000US450550500000US450550500000US450570500000US450570500000US450590500000US450590500000US450610500000US450610500000US450630500000US450630500000US450650500000US450650500000US450670500000US450670500000US450690500000US450690500000US450710500000US450710500000US450730500000US450730500000US450750500000US450750500000US450770500000US450770500000US450790500000US450790500000US450810500000US450810500000US450830500000US450830500000US450850500000US450850500000US450870500000US450870500000US450890500000US450890500000US450910500000US45091	11064.0	249983.0	7777282.25	165292.2	5124328.0	5658.8
11	45	999	Statewide	61	Educational services	45	61	0500000US450010500000US450010500000US450030500000US450030500000US450050500000US450050500000US450070500000US450070500000US450090500000US450090500000US450110500000US450110500000US450130500000US450130500000US450150500000US450150500000US450170500000US450170500000US450190500000US450190500000US450210500000US450210500000US450230500000US450230500000US450250500000US450250500000US450270500000US450270500000US450290500000US450290500000US450310500000US450310500000US450330500000US450350500000US450350500000US450370500000US450370500000US450390500000US450390500000US450410500000US450410500000US450430500000US450430500000US450450500000US450450500000US450470500000US450470500000US450490500000US450490500000US450510500000US450510500000US450530500000US450530500000US450550500000US450550500000US450570500000US450570500000US450590500000US450590500000US450610500000US450610500000US450630500000US450630500000US450650500000US450650500000US450670500000US450670500000US450690500000US450690500000US450710500000US450710500000US450730500000US450730500000US450750500000US450750500000US450770500000US450770500000US450790500000US450790500000US450810500000US450810500000US450830500000US450830500000US450850500000US450850500000US450870500000US450870500000US450890500000US450890500000US450910500000US45091	2271.25	54791.75	1368187.75	31348.2	784508.2	1153.6
12	45	999	Statewide	62	Health care and social assistance	45	62	0500000US450010500000US450010500000US450030500000US450030500000US450050500000US450050500000US450070500000US450070500000US450090500000US450090500000US450110500000US450110500000US450130500000US450130500000US450150500000US450150500000US450170500000US450170500000US450190500000US450190500000US450210500000US450210500000US450230500000US450230500000US450250500000US450250500000US450270500000US450270500000US450290500000US450290500000US450310500000US450310500000US450330500000US450330500000US450350500000US450350500000US450370500000US450370500000US450390500000US450390500000US450410500000US450410500000US450430500000US450430500000US450450500000US450450500000US450470500000US450470500000US450490500000US450490500000US450510500000US450510500000US450530500000US450530500000US450550500000US450550500000US450570500000US450570500000US450590500000US450590500000US450610500000US450610500000US450630500000US450630500000US450650500000US450650500000US450670500000US450670500000US450690500000US450690500000US450710500000US450710500000US450730500000US450730500000US450750500000US450750500000US450770500000US450770500000US450790500000US450790500000US450810500000US450810500000US450830500000US450830500000US450850500000US450850500000US450870500000US450870500000US450890500000US450890500000US450910500000US45091	19841.75	435190.0	18616183.5	222496.6	9564413.2	10005.4
13	45	999	Statewide	71	Arts, entertainment, and recreation	45	71	0500000US450010500000US450010500000US450030500000US450030500000US450050500000US450050500000US450070500000US450070500000US450090500000US450090500000US450110500000US450110500000US450130500000US450130500000US450150500000US450150500000US450170500000US450170500000US450190500000US450190500000US450210500000US450210500000US450230500000US450230500000US450250500000US450250500000US450270500000US450270500000US450290500000US450290500000US450310500000US450310500000US450330500000US450330500000US450350500000US450350500000US450370500000US450370500000US450390500000US450390500000US450410500000US450410500000US450430500000US450430500000US450450500000US450450500000US450470500000US450470500000US450490500000US450490500000US450510500000US450510500000US450530500000US450530500000US450550500000US450550500000US450570500000US450570500000US450590500000US450590500000US450610500000US450610500000US450630500000US450630500000US450650500000US450650500000US450670500000US450670500000US450690500000US450690500000US450710500000US450710500000US450730500000US450730500000US450750500000US450750500000US450770500000US450770500000US450790500000US450790500000US450810500000US450810500000US450830500000US450830500000US450850500000US450850500000US450870500000US450870500000US450890500000US450890500000US450910500000US45091	3135.5	50786.0	932600.25	25781.2	481299.8	1588.0
14	45	999	Statewide	72	Accommodation and food services	45	72	0500000US450010500000US450010500000US450030500000US450030500000US450050500000US450050500000US450070500000US450070500000US450090500000US450090500000US450110500000US450110500000US450130500000US450130500000US450150500000US450150500000US450170500000US450170500000US450190500000US450190500000US450210500000US450210500000US450230500000US450230500000US450250500000US450250500000US450270500000US450270500000US450290500000US450290500000US450310500000US450310500000US450330500000US450330500000US450350500000US450350500000US450370500000US450370500000US450390500000US450390500000US450410500000US450410500000US450430500000US450430500000US450450500000US450450500000US450470500000US450470500000US450490500000US450490500000US450510500000US450510500000US450530500000US450530500000US450550500000US450550500000US450570500000US450570500000US450590500000US450590500000US450610500000US450610500000US450630500000US450630500000US450650500000US450650500000US450670500000US450670500000US450690500000US450690500000US450710500000US450710500000US450730500000US450730500000US450750500000US450750500000US450770500000US450770500000US450790500000US450790500000US450810500000US450810500000US450830500000US450830500000US450850500000US450850500000US450870500000US450870500000US450890500000US450890500000US450910500000US45091	19991.5	388942.75	5972934.0	200778.4	3151500.8	10084.2
15	45	999	Statewide	81	Other services (except public administration)	45	81	0500000US450010500000US450010500000US450030500000US450030500000US450050500000US450050500000US450070500000US450070500000US450090500000US450090500000US450110500000US450110500000US450130500000US450130500000US450150500000US450150500000US450170500000US450170500000US450190500000US450190500000US450210500000US450210500000US450230500000US450230500000US450250500000US450250500000US450270500000US450270500000US450290500000US450290500000US450310500000US450310500000US450330500000US450330500000US450350500000US450350500000US450370500000US450370500000US450390500000US450390500000US450410500000US450410500000US450430500000US450430500000US450450500000US450450500000US450470500000US450470500000US450490500000US450490500000US450510500000US450510500000US450530500000US450530500000US450550500000US450550500000US450570500000US450570500000US450590500000US450590500000US450610500000US450610500000US450630500000US450630500000US450650500000US450650500000US450670500000US450670500000US450690500000US450690500000US450710500000US450710500000US450730500000US450730500000US450750500000US450750500000US450770500000US450770500000US450790500000US450790500000US450810500000US450810500000US450830500000US450830500000US450850500000US450850500000US450870500000US450870500000US450890500000US450890500000US450910500000US45091	22353.25	157423.5	3927119.0	79625.0	2036023.8	11215.6
16	45	999	Statewide	99	Industries not classified	45	99	0500000US450010500000US450010500000US450030500000US450030500000US450070500000US450070500000US450090500000US450110500000US450130500000US450130500000US450150500000US450170500000US450190500000US450190500000US450210500000US450230500000US450230500000US450250500000US450250500000US450270500000US450270500000US450290500000US450290500000US450310500000US450330500000US450350500000US450350500000US450390500000US450390500000US450410500000US450410500000US450430500000US450430500000US450450500000US450450500000US450470500000US450470500000US450490500000US450510500000US450510500000US450530500000US450550500000US450550500000US450570500000US450570500000US450590500000US450590500000US450610500000US450630500000US450630500000US450670500000US450670500000US450690500000US450710500000US450710500000US450730500000US450730500000US450750500000US450750500000US450770500000US450790500000US450790500000US450810500000US450830500000US450830500000US450850500000US450850500000US450870500000US450890500000US450890500000US450910500000US45091	284.9166666666667	188.25	4321.416666666667	140.0	3443.6	168.8
